v=-55:5:55;
v;